   0  45 5 55  2 3 45 5   4  0     
0 0             4 6     7 65  0  0 
     6 7   56 334 6 4  666 7 4 11  
   7   87 3   434 7 34   5     33 1
 5  56686  787 2 78 6   7  478  3 2
 57 5 67  5 97   58 6  5753256644  
 5    65 4 786 0  78  6 86 2 7 4 32
4  5 4    567 2 0 56   576 25 7 6 2
4 5 6   6  66  3 2 5  357  45777 53
   6645   5      222    554 6 87   
4 6675 68 5   787    56 5  667 65 2
  66   69   35677 2  6786545 77 5  
 66766 68 3    875    67   5 6 553 
 67   6      577 423 5 5 6  66  43 
   66          5 4  3        77 3 0
 33  76 4 54 45   2  75 3 8 55   2 
  24 7   5665 6 5  5 87  5 86  3   
 02 76 4 68 7  8  4 78     764 2  0
   5      79977 6     7 34 76 3 3  
0 3  56 57 9    3 3  7 54 467   3  
          7 6 4     68 5 5  67   2 
 0 3   77          56 66  57    4  
   5788 789  2  4 6 6 676656 88 42 
     8   8                         
0  45  44 565  4 433333  45 4 43 0 
